-0.003280	0.006195	-0.009412 
0.000765	-0.003235	-0.006655 
-0.007021	0.005437	-0.006465 
-0.004171	-0.011274	-0.001911 
0.009052	-0.001646	0.002475 
0.000258	0.002373	-0.017084 
0.008432	0.002104	0.008599 
0.003879	-0.002983	-0.001005 
-0.000859	-0.003376	0.007702 
0.009209	-0.002736	0.010207 
-0.008278	-0.006464	-0.008988 
0.001493	-0.009326	-0.004952 
0.012445	-0.002668	-0.006186 
-0.004073	-0.001549	0.001112 
0.003544	-0.001393	-0.013104 
-0.004597	-0.005775	0.011191 
-0.002585	-0.007487	-0.005830 
-0.001250	-0.000918	-0.007321 
-0.007714	-0.005102	0.005138 
0.002271	0.001667	0.000447 
-0.007943	0.003976	0.009685 
0.013450	-0.006267	-0.015237 
-0.000651	-0.006381	0.005410 
0.004224	-0.012992	0.000199 
-0.001087	0.014010	0.010915 
-0.005006	0.004150	0.011250 
0.004216	0.008937	-0.001942 
-0.010973	0.004391	-0.000636 
0.010902	-0.015801	-0.007040 
-0.002435	0.004719	0.001378 
-0.011051	-0.007215	-0.004517 
0.003522	-0.005747	-0.006948 
-0.005162	0.004269	-0.011474 
-0.014176	-0.007345	0.004364 
0.002250	-0.002860	0.002428 
-0.001346	-0.017350	-0.002520 
-0.004788	0.004392	-0.001979 
0.003631	0.020243	-0.001927 
0.012015	-0.003290	0.009923 
-0.013311	0.008405	0.004467 
0.000804	-0.004416	0.001938 
0.004276	0.003516	0.010562 
-0.002219	-0.000553	0.004256 
0.006353	0.005416	-0.006005 
0.001496	-0.001076	-0.008365 
-0.002745	-0.012771	-0.003852 
-0.012469	0.002260	-0.005627 
-0.004708	0.000077	0.009039 
0.003186	-0.000501	-0.002437 
-0.009869	0.004637	0.003051 
-0.000236	-0.002595	0.001047 
-0.003361	0.007833	-0.004908 
-0.004580	0.006852	-0.005399 
-0.005268	-0.001017	-0.004814 
-0.002860	0.003253	-0.003702 
0.001691	-0.004344	0.005892 
0.010148	-0.000478	0.010031 
0.001035	-0.000800	0.003737 
0.007797	-0.001137	-0.006332 
-0.004662	0.005483	0.006074 
-0.003028	-0.001734	0.017124 
-0.004758	0.000304	0.004592 
0.007543	0.016397	-0.006725 
0.000147	-0.006337	0.000770 
-0.000884	0.007060	0.000386 
0.005577	-0.011804	0.015715 
-0.001365	-0.006514	-0.005341 
0.014700	-0.014311	0.003421 
0.001110	-0.002405	-0.007420 
-0.004100	-0.005287	-0.003789 
-0.005626	-0.003345	0.004180 
-0.007985	-0.006280	-0.007631 
0.000216	0.013201	0.000608 
-0.006031	0.011679	-0.009291 
0.009768	-0.001288	-0.001709 
0.001787	0.010857	0.003570 
-0.007734	0.000869	0.001054 
0.002268	-0.010268	0.011054 
-0.017752	-0.004104	0.012493 
-0.003181	0.000833	-0.005814 
0.005506	0.005924	-0.003791 
-0.003303	0.008733	0.002022 
0.006964	-0.009413	-0.006200 
-0.005159	-0.000389	-0.003958 
0.003515	0.008574	0.003151 
-0.004728	-0.016541	0.002459 
0.003609	0.001116	0.000450 
-0.001236	-0.001965	0.006687 
-0.008386	-0.007210	0.003300 
-0.004951	0.009331	0.008600 
0.004112	-0.001984	-0.002841 
0.002809	0.011346	-0.001202 
-0.005787	-0.013269	-0.016775 
0.005592	-0.007375	0.002680 
0.002364	0.003462	-0.001925 
-0.007263	-0.001435	0.002628 
-0.004787	0.011411	0.018328 
0.008228	-0.007253	0.024169 
-0.014872	-0.008356	0.011937 
-0.001372	-0.001632	0.004259 
0.013615	-0.003273	0.002996 
-0.003877	-0.007985	-0.001177 
0.006824	-0.007987	-0.000341 
0.010282	0.001062	0.003249 
-0.002318	0.002129	0.001076 
0.009465	-0.002567	-0.016185 
0.001196	0.009441	0.009837 
-0.000984	0.011598	-0.005129 
-0.009658	0.002661	0.007105 
0.001942	-0.001390	-0.012765 
-0.013268	-0.003129	0.004336 
-0.012240	-0.002584	0.006353 
0.005250	-0.002630	0.000442 
-0.004479	-0.017609	-0.002572 
-0.000612	-0.003999	0.009026 
-0.000181	-0.001021	0.003496 
0.000543	-0.004832	0.010995 
0.014277	-0.000267	-0.004428 
0.008340	-0.000058	-0.004076 
0.007652	0.009195	0.010783 
-0.014593	-0.008386	0.008154 
0.000545	-0.003136	-0.004351 
0.002371	0.006727	0.000059 
0.017109	-0.000776	-0.010024 
0.013210	0.000488	0.010878 
0.005147	0.012975	0.003606 
-0.016192	0.004118	-0.008645 
-0.006884	0.007823	-0.002267 
0.001850	0.017339	0.007633 
-0.001268	-0.010815	0.002404 
-0.013046	0.008234	-0.004302 
-0.006935	0.003941	-0.008440 
-0.012841	0.006780	-0.002732 
0.008056	0.004285	-0.001291 
-0.007720	0.001706	0.005872 
-0.006682	-0.002917	0.007164 
-0.001189	-0.005029	-0.007760 
0.000795	-0.001171	0.007623 
-0.000468	0.003566	-0.006902 
-0.004469	0.008796	0.004055 
0.007703	-0.009545	-0.005078 
-0.004702	-0.005334	-0.009001 
-0.004517	0.008183	0.010441 
-0.006959	-0.019421	-0.007611 
-0.006660	-0.003817	-0.004531 
-0.004992	-0.010458	0.006024 
0.001743	0.001483	-0.009847 
0.000840	0.000143	0.005095 
-0.001443	0.014069	-0.012695 
-0.004684	-0.003406	-0.002030 
-0.007992	-0.005013	0.011214 
0.005071	-0.010744	0.004157 
0.001066	-0.014856	-0.005090 
0.002023	-0.007366	0.007465 
-0.006248	0.003208	0.005544 
-0.003672	0.004728	0.002243 
0.012120	0.002272	0.005427 
-0.001375	0.006303	0.000561 
0.010600	0.005246	-0.001529 
-0.010595	0.004600	-0.016883 
-0.005315	-0.012578	0.007992 
0.000836	0.012854	0.002670 
-0.009269	-0.006212	-0.004933 
0.007481	-0.004210	0.004859 
0.003157	0.002208	-0.002167 
-0.002574	-0.007927	0.001411 
0.002732	0.011740	0.003828 
0.002379	-0.002756	-0.000011 
-0.002858	0.003874	0.007227 
-0.009673	-0.001204	0.013605 
0.008853	-0.002853	-0.002436 
0.003825	-0.005958	-0.009429 
0.003751	-0.003424	-0.004791 
0.000465	0.010723	-0.002016 
-0.002957	-0.002978	-0.002812 
-0.007188	-0.003552	0.010974 
-0.000640	-0.008014	-0.002341 
0.005664	0.000053	0.002803 
0.002634	0.005459	-0.002033 
0.003425	-0.007181	0.003934 
-0.017689	-0.011225	-0.002558 
-0.000787	-0.000916	0.000089 
-0.006023	-0.002323	-0.006452 
0.009303	-0.009456	0.001053 
0.010719	-0.009160	0.000281 
0.003098	-0.005878	0.005097 
-0.008393	-0.015189	0.002414 
0.006226	0.008266	0.000456 
-0.011130	-0.001546	0.003747 
-0.005248	-0.008267	0.001767 
0.003073	-0.004793	0.001632 
-0.008233	-0.006818	-0.002167 
-0.001044	0.002516	0.010887 
-0.018162	0.012938	0.006946 
-0.000467	-0.012799	0.011228 
-0.003315	-0.007516	0.002295 
-0.001396	-0.002351	0.003366 
-0.007727	-0.007266	0.002905 
0.007355	-0.003388	-0.003439 
-0.008798	-0.002202	0.006380 
-0.008011	-0.008515	0.002412 
0.001097	0.011814	-0.014724 
0.005763	-0.010334	0.000744 
-0.000654	-0.006395	-0.005420 
0.003957	-0.004217	0.007513 
-0.003888	-0.000710	0.001535 
0.003912	0.003059	0.004143 
-0.006622	-0.005164	-0.000209 
-0.009075	-0.011352	-0.007491 
-0.003573	0.006571	0.004634 
0.003445	-0.003707	-0.006482 
0.002685	0.006924	0.002436 
-0.003780	-0.001814	0.002602 
0.008582	0.001725	-0.003318 
-0.001809	-0.014341	-0.014337 
-0.010520	0.009439	0.013986 
-0.006876	-0.005155	-0.010345 
-0.000776	0.001889	0.000244 
-0.003732	-0.001734	-0.003699 
-0.017381	0.014401	-0.009406 
0.007716	0.002516	0.000146 
0.003450	0.019151	0.006977 
-0.002665	0.003449	-0.011451 
0.012751	-0.001510	-0.004348 
-0.003056	0.003519	-0.008608 
0.002373	-0.006334	-0.012481 
-0.004984	0.011135	0.006924 
-0.002345	-0.003640	0.003161 
-0.003256	-0.003626	0.004563 
-0.005091	0.002620	-0.005417 
0.007178	0.011744	-0.003819 
0.002328	0.002336	-0.003211 
-0.011344	0.002120	-0.015770 
0.003105	0.007354	0.001015 
0.010963	0.002048	-0.000661 
0.002334	0.000791	-0.006998 
0.003630	0.007791	0.000471 
0.009084	-0.006871	-0.003492 
-0.010512	0.006816	0.008424 
-0.000154	-0.007918	-0.006813 
0.007764	0.015041	0.002335 
-0.008172	-0.006670	-0.005733 
0.003914	0.009351	-0.009789 
0.002618	0.007009	-0.003044 
-0.007653	-0.004809	0.003936 
-0.001150	0.000826	-0.004738 
0.008261	0.000444	-0.007764 
0.002089	-0.003563	-0.000804 
-0.002608	0.002783	-0.006257 
0.000377	0.018787	-0.001041 
-0.006614	0.001058	0.003480 
-0.004741	-0.001430	-0.004990 
0.000386	0.011660	-0.001501 
0.014930	-0.008517	0.005095 
0.005651	-0.013140	0.000236 
-0.000839	-0.010187	-0.007142 
0.007439	-0.010810	0.008601 
-0.003529	0.002907	-0.007608 
0.016445	0.000158	0.005493 
-0.000443	0.007407	0.000297 
0.010476	-0.003546	0.011416 
0.003986	-0.001580	-0.002359 
-0.007756	0.005726	-0.002909 
0.004156	0.002462	-0.003389 
0.001432	-0.004505	-0.002027 
0.000893	0.002243	-0.009896 
-0.001234	-0.004856	-0.003268 
-0.001434	-0.003644	0.008474 
-0.005835	0.003484	-0.008949 
-0.003330	-0.002407	0.011489 
-0.010353	-0.012057	-0.012908 
-0.004872	0.007122	0.000265 
-0.006182	0.000187	0.000852 
-0.001548	0.011538	-0.001913 
0.002934	-0.003868	0.005695 
0.005740	0.005980	-0.007363 
0.007281	0.000681	-0.001220 
0.011775	0.015597	0.001643 
0.002420	-0.002730	-0.002141 
0.001980	0.007662	0.005069 
-0.008974	0.002493	-0.007148 
-0.012271	-0.001153	0.007087 
0.007249	-0.015221	0.013111 
-0.001038	-0.009821	-0.016653 
0.007836	-0.003728	0.009159 
-0.011354	0.010273	-0.004657 
0.000305	0.011046	-0.000905 
-0.007616	-0.020580	0.002174 
0.007878	0.001362	-0.004784 
-0.002460	-0.001763	0.003916 
-0.003498	-0.005920	0.006301 
-0.011692	0.001304	0.008698 
-0.005955	0.005211	0.000122 
0.008517	-0.008582	-0.017393 
0.008843	0.000188	0.009740 
0.000652	0.011603	0.007241 
0.006665	-0.004215	-0.001952 
-0.000477	-0.010373	-0.002540 
-0.001851	0.014360	0.000190 
0.011041	-0.000076	0.005812 
-0.000619	0.006149	-0.001442 
