1553517139568400 
1553517139668457 
1553517139768481 
1553517139868513 
1553517139968538 
1553517140068559 
1553517140168547 
1553517140268548 
1553517140368722 
1553517140468745 
1553517140568769 
1553517140668833 
1553517140768818 
1553517140868839 
1553517140968849 
1553517141068880 
1553517141168905 
1553517141268955 
1553517141368991 
1553517141469004 
1553517141569037 
1553517141669127 
1553517141769123 
1553517141869200 
1553517141969209 
1553517142069198 
1553517142169196 
1553517142269242 
1553517142369257 
1553517142469274 
1553517142569290 
1553517142669309 
1553517142769327 
1553517142869317 
1553517142969325 
1553517143069353 
1553517143169425 
1553517143269414 
1553517143369471 
1553517143469498 
1553517143569546 
1553517143669598 
1553517143769743 
1553517143869748 
1553517143969795 
1553517144069793 
1553517144169853 
1553517144269865 
1553517144369867 
1553517144469879 
1553517144569988 
1553517144669998 
1553517144769992 
1553517144870007 
1553517144970077 
1553517145070154 
1553517145170154 
1553517145270238 
1553517145370242 
1553517145470234 
1553517145570300 
1553517145670269 
1553517145770321 
1553517145870317 
1553517145970361 
1553517146070350 
1553517146170319 
1553517146270310 
1553517146370338 
1553517146470406 
1553517146570419 
1553517146670466 
1553517146770477 
1553517146870519 
1553517146970540 
1553517147070568 
1553517147170750 
1553517147270768 
1553517147370803 
1553517147470832 
1553517147570849 
1553517147670876 
1553517147770933 
1553517147870948 
1553517147970975 
1553517148070954 
1553517148170981 
1553517148271005 
1553517148371118 
1553517148471114 
1553517148571160 
1553517148671253 
1553517148771227 
1553517148871235 
1553517148971269 
1553517149071288 
1553517149171324 
1553517149271317 
1553517149371363 
1553517149471343 
1553517149571343 
1553517149671343 
1553517149771409 
1553517149871393 
1553517149971421 
1553517150071442 
1553517150171494 
1553517150271521 
1553517150371550 
1553517150471567 
1553517150571748 
1553517150671783 
1553517150771790 
1553517150871834 
1553517150971864 
1553517151071886 
1553517151171920 
1553517151271946 
1553517151371977 
1553517151471992 
1553517151572016 
1553517151672101 
1553517151772144 
1553517151872153 
1553517151972154 
1553517152072237 
1553517152172239 
1553517152272277 
1553517152372291 
1553517152472306 
1553517152572306 
1553517152672337 
1553517152772338 
1553517152872345 
1553517152972345 
1553517153072337 
1553517153172330 
1553517153272376 
1553517153372406 
1553517153472429 
1553517153572489 
1553517153672518 
1553517153772548 
1553517153872563 
1553517153972744 
1553517154072772 
1553517154172756 
1553517154272821 
1553517154372872 
1553517154472897 
1553517154572917 
1553517154672943 
1553517154772969 
1553517154873018 
1553517154973042 
1553517155073081 
1553517155173155 
1553517155273155 
1553517155373156 
1553517155473237 
1553517155573236 
1553517155673236 
1553517155773223 
1553517155873253 
1553517155973279 
1553517156073278 
1553517156173306 
1553517156273305 
1553517156373305 
1553517156473327 
1553517156573329 
1553517156673374 
1553517156773423 
1553517156873481 
1553517156973505 
1553517157073519 
1553517157173593 
1553517157273725 
1553517157373722 
1553517157473747 
1553517157573772 
1553517157673817 
1553517157773847 
1553517157873929 
1553517157973889 
1553517158073951 
1553517158173949 
1553517158273997 
1553517158374009 
1553517158474023 
1553517158574133 
1553517158674130 
1553517158774209 
1553517158874237 
1553517158974225 
1553517159074233 
1553517159174234 
1553517159274275 
1553517159374283 
1553517159474324 
1553517159574379 
1553517159674314 
1553517159774366 
1553517159874418 
1553517159974369 
1553517160074399 
1553517160174426 
1553517160274444 
1553517160374506 
1553517160474499 
1553517160574567 
1553517160674736 
1553517160774712 
1553517160874731 
1553517160974797 
1553517161074862 
1553517161174842 
1553517161274869 
1553517161374898 
1553517161474929 
1553517161574982 
1553517161675029 
1553517161775018 
1553517161875094 
1553517161975129 
1553517162075130 
1553517162175243 
1553517162275220 
1553517162375216 
1553517162475247 
1553517162575273 
1553517162675294 
1553517162775288 
1553517162875293 
1553517162975358 
1553517163075313 
1553517163175322 
1553517163275347 
1553517163375372 
1553517163475393 
1553517163575414 
1553517163675463 
1553517163775506 
1553517163875519 
1553517163975549 
1553517164075692 
1553517164175746 
1553517164275746 
1553517164375794 
1553517164475822 
1553517164575846 
1553517164675885 
1553517164775904 
1553517164875985 
1553517164975995 
1553517165076031 
1553517165176042 
1553517165276067 
1553517165376153 
1553517165476157 
1553517165576197 
1553517165676198 
1553517165776205 
1553517165876230 
1553517165976255 
1553517166076273 
1553517166176280 
1553517166276279 
1553517166376305 
1553517166476297 
1553517166576303 
1553517166676323 
1553517166776361 
1553517166876437 
1553517166976444 
1553517167076478 
1553517167176519 
1553517167276537 
1553517167376582 
1553517167476716 
1553517167576768 
1553517167676789 
1553517167776819 
1553517167876842 
1553517167976869 
1553517168076893 
1553517168176946 
1553517168276968 
1553517168377007 
1553517168477018 
1553517168577030 
1553517168657029 
1553517168757117 
1553517168857128 
1553517168957196 
1553517169057197 
1553517169157202 
1553517169257230 
1553517169357293 
1553517169457330 
1553517169557279 
